
**********************************************
wt40-1.txt
SOLUTION FINALE: 
	    0   18   29   15    5   19   36   34   26    8   33   24   16   10   25    6    9   11    2   22    1   13   32   14   21   37   30   35    4   27   31    3   20   28   23   17   39    7   38   12	Fitness:    956

NOMBRE EVALUATIONS: 6000/6000
**********************************************

**********************************************
wt40-1.txt
SOLUTION FINALE: 
	   11   36   31   18   27    8   37   14   13   24   15    1   26   34   32    4    9    6   25   35   10   19   28   20   29    0    5   21   22   33   16   30    2    3   23   17   39    7   38   12	Fitness:    956

NOMBRE EVALUATIONS: 6000/6000
**********************************************

**********************************************
wt40-1.txt
SOLUTION FINALE: 
	   34    1    6    5   37   24    8   33   36   27   25   15   35   13   29   18   16   26   21   31   11    9    0   14    4   20   22   19    2   10   32   30   28    3   23   17   39    7   38   12	Fitness:    956

NOMBRE EVALUATIONS: 6000/6000
**********************************************

**********************************************
wt40-1.txt
SOLUTION FINALE: 
	    4    1   14   13   25   16   32   19   27   29   22   24   11   30   36   35   17   33   21   26   34   18    6   37    0   10    5    8    9    2   20   15    3   23   28   31   39    7   38   12	Fitness:    956

NOMBRE EVALUATIONS: 6000/6000
**********************************************

**********************************************
wt40-1.txt
SOLUTION FINALE: 
	   14   25   32   34    8   22   30   27   10   11   21   29    0    9   33    5   28    2    6   35   26    4   18   15   36   16   37   24   19    1   13    3   31   20   23   17   39    7   12   38	Fitness:    985

NOMBRE EVALUATIONS: 6000/6000
**********************************************

**********************************************
wt50-2.txt
SOLUTION FINALE: 
	   38   41    5   26   36   40    0   44    3   46   37   43   42   10   25   18    9   49   24   15   34   48   47   32   22   19    1   31   27   33   23   17   30   35   14   11   28   12   21    6    7   39    8   29    2   45   20   13   16    4	Fitness:   2011

NOMBRE EVALUATIONS: 6000/6000
**********************************************

**********************************************
wt50-2.txt
SOLUTION FINALE: 
	   18   25   11   10   26    3    1    7   42   21   38   13   41   31   40   12   35   14   43   23   24   29   49   22    5   37    0   30   48   15   28   17   36   19   34   27   46   47   32    9    6    2   39    8   33   44   45   16   20    4	Fitness:   2123

NOMBRE EVALUATIONS: 6000/6000
**********************************************

**********************************************
wt50-2.txt
SOLUTION FINALE: 
	   27   22   48   44   19    8   18   49   38   12   40   28   41    0   17   47    9   15   24   31   34   21   26   32   35    5    3    2   23   30   11   46   39    7   42    1   43   10   37    6   25   29   14   36   33   45   20   13   16    4	Fitness:   2011

NOMBRE EVALUATIONS: 6000/6000
**********************************************

**********************************************
wt50-2.txt
SOLUTION FINALE: 
	   39   31   17   11   42   26   43   28   21    3   46    9   34   24   27   38   12   18   22   13    5   29   19   48   36   35    1    8   15   37   40   23   30    2   25   44    0   14   49    7   10    6   33   47   41   45   20   16    4   32	Fitness:   2118

NOMBRE EVALUATIONS: 6000/6000
**********************************************

**********************************************
wt50-2.txt
SOLUTION FINALE: 
	   15    5   43   47   25   11   14    4   21   42   19   48    6    3   41   24   31   49   33   46    0   27   44   17   23   29    1   12   10   26   30   18   35   32   37   34   36   28    7   38    9   40   22    2    8   39   45   20   13   16	Fitness:   2246

NOMBRE EVALUATIONS: 6000/6000
**********************************************

**********************************************
wt100-2.txt
SOLUTION FINALE: 
	   43   57   67   70    0   91   30   26    4    5   86   66   50   14   58   61   21   52   85   69   79   82   40   71   15   64   29   95   83   75   63   48    2   78   10   34   97   23   87   38   31   19   11   59   51    1   45    8   81   49   12   20    6   17   73   53   32   80   28   44   37   60   24   18   39    9   76   13   92   46   42   36   27   16    3   25   35   22   68   41   77    7   72   55   89   65   33   54   84   56   47   62   74   88   94   96   93   99   98   90	Fitness:   6437

NOMBRE EVALUATIONS: 6000/6000
**********************************************

**********************************************
wt100-2.txt
SOLUTION FINALE: 
	   18   30   57   10   86   54   15   68   64    8   95   28   14   22   71   26   79   46   51   44   76   58   11    2   35   60    1   25    7   52   50   23   34    4   43   33   63    5   31   73   38   21   77   97   69   82   66   19   13    9   78   17   89    0   42   85   91   24   75   32   83   80   40   20   29    6   16   53   61   41    3   65   37   39   45   87   59   12   56   49   36   67   70   81   72   27   93   55   48   84   47   62   88   90   74   92   94   96   99   98	Fitness:   6770

NOMBRE EVALUATIONS: 6000/6000
**********************************************

**********************************************
wt100-2.txt
SOLUTION FINALE: 
	    8   33   64    0   57   52    6   78   51   25   38   35   16   72   69   50   79    4   66   53   61   13   20   75   39   19    1   49   28   44   92   27   18   32   30    3   71   10   97   26   42    7   63   21   45   24   40   83   59   91   23   60   68   80   22   70   85   46    9   14   76   73    5   17   86   67   58   15   11   77    2   87   12   54   55   56   36   34   37   82   84   74   29   65   89   41   81   31   47   48   43   62   90   96   93   88   95   94   98   99	Fitness:   7237

NOMBRE EVALUATIONS: 6000/6000
**********************************************

**********************************************
wt100-2.txt
SOLUTION FINALE: 
	   20   57   91   40    8   39   70   87    7   33   32   67   15   43    5   21   30   63   83   46   35   69   88   72   10   85   76    1   59   34   77   49   60    9   61   25   47   66   73   23   16   27   19   53   42   17   86   52   71   80   56   64   78   37   51   14   98   55   38   79   58   97   24    2   89   50    4   11   45   13   44   26   12   31   82    3   18   92   29   22   48   28   75    0   36   65   81   93   68   54   41    6   62   74   84   95   90   94   96   99	Fitness:   6904

NOMBRE EVALUATIONS: 6000/6000
**********************************************

**********************************************
wt100-2.txt
SOLUTION FINALE: 
	   82   27   10    1   66   21   78   65    8   42   70   57   39   79   22   89   61   81   20   43   73   40   38   83   67   44   24   69   23   93   26    0   45   72   80   35   13   25   71   11    5   54   87   63   17   30   37   86   59   16   60   52   18   28   46   75   12    9    2   76   77    3   49    6   50   33   34   29   85    4   32   58   19   97   91   55   92   15   14   48    7   53   64   74   56   51   31   90   36   68   41   47   62   84   88   95   98   94   96   99	Fitness:   7157

NOMBRE EVALUATIONS: 6000/6000
**********************************************
