
**********************************************
wt40-1.txt
SOLUTION FINALE: 
	   36    0   34   15    7   14   16   24    3   26   27   37   10   13   35   31   19   22   38   25   11   39   23   21   30    6   33   17    5   32    1    8    4   29   20   28    9   18    2   12	Fitness:   4960

NOMBRE EVALUATIONS: 101/100
**********************************************

**********************************************
wt40-1.txt
SOLUTION FINALE: 
	   13   17   21   33   34   29   18   22    1   36   14   25   11   38    6   20    5   35   24   19    2    9   27    8    4   26   32   37   10   16   30   15    3   28   23   31   39    7    0   12	Fitness:   1134

NOMBRE EVALUATIONS: 6001/6000
**********************************************

**********************************************
wt40-1.txt
SOLUTION FINALE: 
	    1    3   31   18   21   15    4    6   32   27   19   34   37    8   30   29   33   16    5   22   20   10   24   26   36   25   11   35   13   14    2    9   17   39   23   28   38    7    0   12	Fitness:   1352

NOMBRE EVALUATIONS: 6001/6000
**********************************************

**********************************************
wt40-1.txt
SOLUTION FINALE: 
	   15   18    3   14   36    8   13   12   11   30   16   39   23   22   34   27   26   10   33    6   29   17   28   25   38    9   32   37   19    7   20    4    5   24    1    0   21    2   35   31	Fitness:  13678

NOMBRE EVALUATIONS: 6001/6000
**********************************************

**********************************************
wt40-1.txt
SOLUTION FINALE: 
	   36   24   10    6   35   28   11   34   22   19    5    3    1   25   27   33    9   31   37   18    8   21    4   16   15   13   14   29   26   20    0   32   30    2   23   17   39    7   38   12	Fitness:    956

NOMBRE EVALUATIONS: 6001/6000
**********************************************

**********************************************
wt40-1.txt
SOLUTION FINALE: 
	    9   36   17   22   13   18   35    0    6   32    8   21   16    5   24   30   19   33   34   26    4   20   37   27   10   14   11   25    1   29   15   28    3    2   23   31   39    7   38   12	Fitness:    956

NOMBRE EVALUATIONS: 6000/6000
**********************************************

**********************************************
wt40-1.txt
SOLUTION FINALE: 
	    4   14   21   17    2    0   11    7   16   27   25   18   33   36   34    5   37   35   24   30    1   22   29   10   13    9   19    6   26   32   15    3    8   20   28   31   39   23   38   12	Fitness:   1355

NOMBRE EVALUATIONS: 6000/6000
**********************************************

**********************************************
wt40-1.txt
SOLUTION FINALE: 
	    2   25   20    9    6   35    5   19    1   14   22   13   37   32   34   16   24   18   36   27    8    3   33   10   26   21   29   11   30    0   15   17    4   23   28   31   39    7   38   12	Fitness:    956

NOMBRE EVALUATIONS: 6000/6000
**********************************************

**********************************************
wt40-1.txt
SOLUTION FINALE: 
	    0   26    9   32   22   19   15   35   36   37   11   34   21    3   16    5   33   13    1   28   10   25    6    8   24   18   29   20   14   27   30    4    2   23   39   17   31    7   38   12	Fitness:    930

NOMBRE EVALUATIONS: 6000/6000
**********************************************

**********************************************
wt40-1.txt
SOLUTION FINALE: 
	    0   30    3   21    4   16    9   27    5   33   36   22   19   10   15   35   18   25   37   26   32   13   38   14   24    6    1   11   34   29   17    8    2   20   39   28   31   23    7   12	Fitness:   1012

NOMBRE EVALUATIONS: 6000/6000
**********************************************

**********************************************
wt40-1.txt
SOLUTION FINALE: 
	   28   25   27    3   19   38   10    5   39   11   36   14   18   24   26   30   35   21   33    1   37   31   32    6   29   22    9   34    0   20   16   13    8    4    2   23   17   15    7   12	Fitness:   1508

NOMBRE EVALUATIONS: 6000/6000
**********************************************

**********************************************
wt40-1.txt
SOLUTION FINALE: 
	   15   13    1   39   16   27   22   18   25   10   37    5   33   35   24   32   21    0    9   30    2   36   34   38   29   26   11   19   14    4   20    3    8   28   23   17   31    6    7   12	Fitness:   1565

NOMBRE EVALUATIONS: 6000/6000
**********************************************
